1,1,1141.3553466796875,650.5224914550781,-1,-1,1,-1,-1,-1
2,2,1162.6780395507812,671.7662963867188,-1,-1,1,-1,-1,-1
3,3,1191.026611328125,686.1004638671875,-1,-1,1,-1,-1,-1
6,3,1274.8345650540452,728.8405485956054,-1,-1,1,-1,-1,-1
7,3,1310.5368703191336,748.5722080883617,-1,-1,1,-1,-1,-1
8,3,1356.6483775313238,764.434618929801,-1,-1,1,-1,-1,-1
9,3,1401.0822915259398,769.0420850693704,-1,-1,1,-1,-1,-1
10,3,1439.510788295606,764.9411717644925,-1,-1,1,-1,-1,-1
11,3,1475.9421074296345,758.0037215652117,-1,-1,1,-1,-1,-1
12,3,1516.6039266237624,750.1432124178522,-1,-1,1,-1,-1,-1
13,3,1553.8256419792904,737.3763661410591,-1,-1,1,-1,-1,-1
14,3,1594.672452415594,727.7269014344869,-1,-1,1,-1,-1,-1
15,3,1636.845425516615,719.2777505419563,-1,-1,1,-1,-1,-1
16,3,1688.8032110353963,706.6004054310631,-1,-1,1,-1,-1,-1
17,3,1744.4282528244187,692.336850947939,-1,-1,1,-1,-1,-1
18,3,1792.0320696534818,696.4655904363952,-1,-1,1,-1,-1,-1
19,3,1845.9433070440598,702.8718296816548,-1,-1,1,-1,-1,-1
20,3,1893.0691743154764,709.6602049704659,-1,-1,1,-1,-1,-1
82,4,81.07674647001164,607.5797404545995,-1,-1,1,-1,-1,-1
83,4,102.68734157852614,607.5182757312223,-1,-1,1,-1,-1,-1
84,4,119.13201547340205,607.5909371786876,-1,-1,1,-1,-1,-1
85,4,138.76230853154416,607.6164273908635,-1,-1,1,-1,-1,-1
86,4,159.67731890571432,607.583520637219,-1,-1,1,-1,-1,-1
87,4,176.1471961145945,607.5827900686127,-1,-1,1,-1,-1,-1
88,4,195.75891327772703,607.5690271399545,-1,-1,1,-1,-1,-1
89,4,216.4563922784675,607.4978451966575,-1,-1,1,-1,-1,-1
90,4,237.596705913332,612.3642842582697,-1,-1,1,-1,-1,-1
91,4,258.9436401123289,614.1812202749055,-1,-1,1,-1,-1,-1
92,4,285.0385301979,614.7758870138962,-1,-1,1,-1,-1,-1
93,4,308.2891110226798,614.8759052621193,-1,-1,1,-1,-1,-1
94,4,330.3721789056467,614.8491817023864,-1,-1,1,-1,-1,-1
95,4,347.3832806738548,614.8492772873301,-1,-1,1,-1,-1,-1
96,4,362.4187111503994,614.7786342536713,-1,-1,1,-1,-1,-1
97,4,376.72169865111726,614.8623092973401,-1,-1,1,-1,-1,-1
98,4,390.6800973000794,614.9773069029462,-1,-1,1,-1,-1,-1
99,4,404.74562987666644,610.2383898249738,-1,-1,1,-1,-1,-1
99,5,517.1061100758416,719.5838549124908,-1,-1,1,-1,-1,-1
100,4,418.76307916521415,608.4386010514731,-1,-1,1,-1,-1,-1
100,5,531.4025692278817,719.5457783153104,-1,-1,1,-1,-1,-1
100,6,1169.1000750001508,741.6862290547642,-1,-1,1,-1,-1,-1
101,4,432.71640229604867,607.8257337535321,-1,-1,1,-1,-1,-1
101,5,550.5774120863404,719.8041710808444,-1,-1,1,-1,-1,-1
101,6,1203.090000481463,747.1770044468808,-1,-1,1,-1,-1,-1
102,4,456.04079525235716,607.5919580371036,-1,-1,1,-1,-1,-1
102,5,571.5485640827354,714.8759296356938,-1,-1,1,-1,-1,-1
102,6,1238.6197370986754,749.0236551826772,-1,-1,1,-1,-1,-1
103,4,473.49678303723215,607.6603555557864,-1,-1,1,-1,-1,-1
103,5,592.8781872811586,723.0595790452955,-1,-1,1,-1,-1,-1
103,6,1269.3587179034553,749.389011677372,-1,-1,1,-1,-1,-1
104,4,493.4301108479168,607.6961694720347,-1,-1,1,-1,-1,-1
104,5,614.4108266041078,721.2507807744545,-1,-1,1,-1,-1,-1
104,6,1303.1584730098264,754.4701089244694,-1,-1,1,-1,-1,-1
105,4,514.4312155177657,607.5588388853597,-1,-1,1,-1,-1,-1
105,5,640.6047305745153,725.4835737324123,-1,-1,1,-1,-1,-1
105,6,1338.2886255741723,756.3153298416223,-1,-1,1,-1,-1,-1
106,4,540.3239718543765,612.1455354223569,-1,-1,1,-1,-1,-1
107,4,558.7726785908179,618.6170252575296,-1,-1,1,-1,-1,-1
108,4,579.131180849041,625.6565122266854,-1,-1,1,-1,-1,-1
109,4,590.7745435282442,633.0916813931844,-1,-1,1,-1,-1,-1
110,4,608.6699732379365,635.6361629982555,-1,-1,1,-1,-1,-1
111,4,628.6663359654611,641.2366730845799,-1,-1,1,-1,-1,-1
112,4,645.0234516641201,643.2415037616037,-1,-1,1,-1,-1,-1
113,4,664.5533675614508,648.6891550063993,-1,-1,1,-1,-1,-1
114,4,685.1082225200246,655.361991673539,-1,-1,1,-1,-1,-1
115,4,710.936867632065,657.6766230256511,-1,-1,1,-1,-1,-1
116,4,734.0159609790043,663.1537450212478,-1,-1,1,-1,-1,-1
117,4,756.1544526075035,665.042836344703,-1,-1,1,-1,-1,-1
118,4,773.1584176689576,670.4426648093458,-1,-1,1,-1,-1,-1
119,4,792.9090266652476,672.3294583643469,-1,-1,1,-1,-1,-1
120,4,813.7228910588057,672.9431594639983,-1,-1,1,-1,-1,-1
121,4,830.3427516886726,672.996081487957,-1,-1,1,-1,-1,-1
122,4,849.8526541763381,668.3913113974618,-1,-1,1,-1,-1,-1
123,4,865.9983380193397,661.8591726008644,-1,-1,1,-1,-1,-1
124,4,880.7678419840114,654.613932305686,-1,-1,1,-1,-1,-1
125,4,899.5590269476713,647.1634112069212,-1,-1,1,-1,-1,-1
126,4,919.9781579379738,644.502474479015,-1,-1,1,-1,-1,-1
127,4,945.7748176884891,638.8221742294099,-1,-1,1,-1,-1,-1
128,4,968.9548904066594,631.9976227212791,-1,-1,1,-1,-1,-1
129,4,995.4973597541009,629.5270215317744,-1,-1,1,-1,-1,-1
129,7,130.7695804796486,764.2113750150957,-1,-1,1,-1,-1,-1
130,4,1023.4614464313308,623.9945541138451,-1,-1,1,-1,-1,-1
130,7,146.64507449540022,758.5715646678847,-1,-1,1,-1,-1,-1
131,4,1051.9877110561413,617.3408253653852,-1,-1,1,-1,-1,-1
131,7,166.6889238716954,756.8752779968341,-1,-1,1,-1,-1,-1
135,4,1180.5298765163727,600.120657658529,-1,-1,1,-1,-1,-1
136,4,1214.6142202561198,599.328274700511,-1,-1,1,-1,-1,-1
137,4,1249.9505312312258,599.1851987899806,-1,-1,1,-1,-1,-1
138,4,1285.7306371389889,599.2229386122773,-1,-1,1,-1,-1,-1
139,4,1326.2349973865946,599.2819283887883,-1,-1,1,-1,-1,-1
140,4,1363.9620519216078,599.2411719031552,-1,-1,1,-1,-1,-1
144,4,1535.5241416373738,613.089936020487,-1,-1,1,-1,-1,-1
145,4,1582.1253391077885,623.3367249414913,-1,-1,1,-1,-1,-1
146,4,1626.6014105386432,627.14407209684,-1,-1,1,-1,-1,-1
147,4,1670.1674178751682,633.3205704193367,-1,-1,1,-1,-1,-1
148,4,1713.2706355511311,640.2168632150863,-1,-1,1,-1,-1,-1
183,8,1446.9291480484676,904.9138578370281,-1,-1,1,-1,-1,-1
184,8,1489.764040491376,905.6054692457117,-1,-1,1,-1,-1,-1
185,8,1537.5666965765063,905.9464860400392,-1,-1,1,-1,-1,-1
186,8,1591.999768249323,900.8629799004462,-1,-1,1,-1,-1,-1
187,8,1648.33459577625,909.082528586614,-1,-1,1,-1,-1,-1
216,9,1336.26537531982,822.3794262463238,-1,-1,1,-1,-1,-1
217,9,1368.6940207271725,839.5695151955987,-1,-1,1,-1,-1,-1
218,9,1413.8920657121726,849.5071963869568,-1,-1,1,-1,-1,-1
219,9,1457.7161016895016,847.1801381408753,-1,-1,1,-1,-1,-1
220,9,1501.2082799410434,835.9044694318126,-1,-1,1,-1,-1,-1
221,9,1544.4741306704925,826.8491913942393,-1,-1,1,-1,-1,-1
222,9,1587.3338297066618,837.9596343459557,-1,-1,1,-1,-1,-1
