1,1,1190.9945068359375,628.9146118164062,-1,-1,1,-1,-1,-1
2,1,1212.0540487035673,636.09834247487,-1,-1,1,-1,-1,-1
3,1,1226.8361314525457,636.5631730340766,-1,-1,1,-1,-1,-1
4,1,1246.7305210321754,648.3831644446734,-1,-1,1,-1,-1,-1
5,1,1262.3907905782569,645.882331161118,-1,-1,1,-1,-1,-1
6,1,1282.3472120360625,634.2445939165681,-1,-1,1,-1,-1,-1
7,1,1298.1459985248396,650.527369278157,-1,-1,1,-1,-1,-1
8,1,1317.744401049297,641.522811189141,-1,-1,1,-1,-1,-1
9,1,1338.6828037478438,652.6256944763777,-1,-1,1,-1,-1,-1
10,1,1360.0474903373347,647.2487987182732,-1,-1,1,-1,-1,-1
11,1,1381.6345681530893,644.9905755857569,-1,-1,1,-1,-1,-1
12,1,1402.9859900445608,644.1454026576711,-1,-1,1,-1,-1,-1
13,1,1429.1873284839155,653.189211626673,-1,-1,1,-1,-1,-1
19,1,1546.596508556668,658.1463583928173,-1,-1,1,-1,-1,-1
20,1,1571.9608593652315,658.2938038521569,-1,-1,1,-1,-1,-1
21,1,1594.9518799121086,658.275536990395,-1,-1,1,-1,-1,-1
22,1,1616.8373580018576,653.458091817508,-1,-1,1,-1,-1,-1
23,1,1643.0363515660808,651.6094617555658,-1,-1,1,-1,-1,-1
24,1,1670.8583745704602,651.00233883732,-1,-1,1,-1,-1,-1
60,2,1567.9152290281786,786.348655626924,-1,-1,1,-1,-1,-1
61,2,1606.490962833323,786.3638309611213,-1,-1,1,-1,-1,-1
66,3,351.98537692911555,599.6994823060156,-1,-1,1,-1,-1,-1
67,2,1813.7573169375034,790.7293213633903,-1,-1,1,-1,-1,-1
67,3,373.28135722373077,599.7237981341141,-1,-1,1,-1,-1,-1
68,2,1835.9432505535278,806.295127377798,-1,-1,1,-1,-1,-1
68,3,389.45340858415136,599.8525904343826,-1,-1,1,-1,-1,-1
69,2,1857.3349249391056,812.0657506880971,-1,-1,1,-1,-1,-1
69,3,409.0835870029387,600.1991664761465,-1,-1,1,-1,-1,-1
70,3,429.83434908131005,595.1188204472871,-1,-1,1,-1,-1,-1
71,3,451.06724712699645,593.386143976192,-1,-1,1,-1,-1,-1
72,3,467.6450968562402,592.9059829205652,-1,-1,1,-1,-1,-1
73,3,487.14659362725905,592.79989948341,-1,-1,1,-1,-1,-1
74,3,503.1576865547602,592.8907171845404,-1,-1,1,-1,-1,-1
75,3,517.8926319302699,592.9998503330938,-1,-1,1,-1,-1,-1
76,3,527.5098898243382,593.0428186484958,-1,-1,1,-1,-1,-1
77,3,535.0726323319509,588.3414519053201,-1,-1,1,-1,-1,-1
78,3,542.0061989139317,591.3982014903936,-1,-1,1,-1,-1,-1
82,4,515.6699119725444,593.5731959467546,-1,-1,1,-1,-1,-1
83,4,508.66443390180666,593.5180088537297,-1,-1,1,-1,-1,-1
84,4,501.54265876342004,593.4810487589401,-1,-1,1,-1,-1,-1
85,4,494.5433088380686,593.3830484040701,-1,-1,1,-1,-1,-1
86,4,487.45826579388535,593.4019248312007,-1,-1,1,-1,-1,-1
87,4,480.30570967056195,593.3949841514474,-1,-1,1,-1,-1,-1
88,4,473.1665031113315,593.4000906449763,-1,-1,1,-1,-1,-1
89,4,465.990148681548,598.2653837984275,-1,-1,1,-1,-1,-1
90,4,458.8309924493369,599.9790096781437,-1,-1,1,-1,-1,-1
91,4,456.5037517654619,600.5918864822193,-1,-1,1,-1,-1,-1
92,4,451.23833108689934,600.8559149215988,-1,-1,1,-1,-1,-1
93,4,449.4884163162282,605.6958979655905,-1,-1,1,-1,-1,-1
94,4,449.0312160412126,607.4774206416624,-1,-1,1,-1,-1,-1
95,4,453.7270097014818,603.3138717364687,-1,-1,1,-1,-1,-1
96,4,455.7146064460317,606.4490873453301,-1,-1,1,-1,-1,-1
97,4,461.196578611342,602.8600253826372,-1,-1,1,-1,-1,-1
98,4,468.16398122269123,601.5094617334059,-1,-1,1,-1,-1,-1
99,4,475.48458754716364,596.30212849751,-1,-1,1,-1,-1,-1
100,4,487.65093691990745,594.3314171795931,-1,-1,1,-1,-1,-1
101,4,496.81943654521984,588.9474390623235,-1,-1,1,-1,-1,-1
102,4,504.93956980646794,587.0225856232535,-1,-1,1,-1,-1,-1
103,4,512.5593265825921,581.650021758408,-1,-1,1,-1,-1,-1
104,4,520.1531585743244,574.890990899476,-1,-1,1,-1,-1,-1
105,4,527.4750475585515,572.57314495433,-1,-1,1,-1,-1,-1
106,4,539.4038143558425,567.0722427829538,-1,-1,1,-1,-1,-1
107,4,553.1283978636773,560.298011743741,-1,-1,1,-1,-1,-1
108,4,572.2053404043895,553.2140175348836,-1,-1,1,-1,-1,-1
117,5,820.9468078049047,516.354423576476,-1,-1,1,-1,-1,-1
118,5,849.438735811323,509.21893571589635,-1,-1,1,-1,-1,-1
119,5,877.8439986862567,507.23249819375144,-1,-1,1,-1,-1,-1
120,5,906.3330130383695,506.7275139889419,-1,-1,1,-1,-1,-1
121,5,934.8464018302403,501.8597183881729,-1,-1,1,-1,-1,-1
122,5,963.2762370658747,500.1843966504596,-1,-1,1,-1,-1,-1
123,5,986.9831361780124,494.9674761072604,-1,-1,1,-1,-1,-1
124,5,1008.7886588461397,488.4098014354385,-1,-1,1,-1,-1,-1
125,5,1025.243371722568,481.2891523612809,-1,-1,1,-1,-1,-1
125,6,876.6712871284848,133.27632966042515,-1,-1,1,-1,-1,-1
126,5,1039.8966060422674,474.00969532339695,-1,-1,1,-1,-1,-1
127,5,1053.8362333708562,471.4314783042256,-1,-1,1,-1,-1,-1
128,5,1072.238881173415,465.97310178677947,-1,-1,1,-1,-1,-1
129,5,1087.8252782341003,464.1796476498604,-1,-1,1,-1,-1,-1
130,5,1106.9170044815708,458.7864912861752,-1,-1,1,-1,-1,-1
131,5,1127.3660101742905,456.9747750173391,-1,-1,1,-1,-1,-1
132,5,1143.7519655744675,456.468352577926,-1,-1,1,-1,-1,-1
133,5,1163.1960163363954,451.7555596989337,-1,-1,1,-1,-1,-1
134,5,1183.7771483651213,450.0881093083525,-1,-1,1,-1,-1,-1
135,5,1204.904708447401,444.9266322778687,-1,-1,1,-1,-1,-1
136,5,1221.443123929867,443.1496054420053,-1,-1,1,-1,-1,-1
137,5,1240.928451967891,442.59586810865784,-1,-1,1,-1,-1,-1
138,5,1256.9828384311097,442.52992812608716,-1,-1,1,-1,-1,-1
139,5,1276.3958380957358,447.3941346572402,-1,-1,1,-1,-1,-1
140,5,1292.3486378989348,449.1280056364823,-1,-1,1,-1,-1,-1
141,5,1311.587497385711,454.5690400554274,-1,-1,1,-1,-1,-1
142,5,1327.5879758245344,461.42006956819273,-1,-1,1,-1,-1,-1
143,5,1346.854863335097,463.97508728051173,-1,-1,1,-1,-1,-1
144,5,1367.5702100836268,474.2713364980097,-1,-1,1,-1,-1,-1
145,5,1388.7588281566163,482.8421151437399,-1,-1,1,-1,-1,-1
146,5,1410.1707732323878,490.68184982162165,-1,-1,1,-1,-1,-1
255,7,595.2924639218433,528.8980535927292,-1,-1,1,-1,-1,-1
265,7,630.4331186809619,566.4530625690211,-1,-1,1,-1,-1,-1
266,7,635.7345364974528,571.3252499392091,-1,-1,1,-1,-1,-1
267,7,637.5260785619868,572.9940761167809,-1,-1,1,-1,-1,-1
268,7,642.744576049525,578.1916391706437,-1,-1,1,-1,-1,-1
269,7,644.6537651167096,579.9328598580184,-1,-1,1,-1,-1,-1
270,7,649.9554765499579,585.3378869009058,-1,-1,1,-1,-1,-1
271,7,651.7326565198115,591.8844775842148,-1,-1,1,-1,-1,-1
272,7,652.3305914728418,598.8460599371532,-1,-1,1,-1,-1,-1
273,7,652.4194173237511,601.5173560982478,-1,-1,1,-1,-1,-1
274,7,657.0264394912781,602.1850282787557,-1,-1,1,-1,-1,-1
275,7,658.703641486189,607.1501889375411,-1,-1,1,-1,-1,-1
276,7,659.0624332039208,608.8339196340468,-1,-1,1,-1,-1,-1
277,7,663.9059248982047,609.0941023740118,-1,-1,1,-1,-1,-1
278,7,665.6066637183075,613.9098235276463,-1,-1,1,-1,-1,-1
279,7,666.1891856235615,615.6916830465209,-1,-1,1,-1,-1,-1
280,7,666.3430144650458,616.2991320830909,-1,-1,1,-1,-1,-1
281,7,666.2770919463186,616.4848382235871,-1,-1,1,-1,-1,-1
282,7,670.7798634053983,616.3391040570908,-1,-1,1,-1,-1,-1
283,7,677.1177851812689,616.1305783466263,-1,-1,1,-1,-1,-1
284,7,679.4002149061421,616.1344965518858,-1,-1,1,-1,-1,-1
285,7,684.7960314510561,616.0244874729212,-1,-1,1,-1,-1,-1
286,7,691.4367662266471,615.7928950731923,-1,-1,1,-1,-1,-1
287,7,698.3758645806118,620.3001737698428,-1,-1,1,-1,-1,-1
288,7,705.7027521950799,621.9589632556782,-1,-1,1,-1,-1,-1
289,7,712.8779484565218,622.5850151137627,-1,-1,1,-1,-1,-1
290,7,720.113288058936,622.7331582102681,-1,-1,1,-1,-1,-1
291,7,727.3213037964044,622.7898016396599,-1,-1,1,-1,-1,-1
292,7,734.5166220293995,622.6825236018224,-1,-1,1,-1,-1,-1
293,7,741.7508825837127,622.4858624353021,-1,-1,1,-1,-1,-1
294,7,749.0790857489316,627.1350786998499,-1,-1,1,-1,-1,-1
295,7,760.8903349145603,628.7838604674856,-1,-1,1,-1,-1,-1
296,7,769.8788709015503,629.3857893864323,-1,-1,1,-1,-1,-1
297,7,777.6967462816878,629.5638661643835,-1,-1,1,-1,-1,-1
298,7,785.0416857291673,629.5416163409939,-1,-1,1,-1,-1,-1
299,7,792.2266165519206,629.526664214783,-1,-1,1,-1,-1,-1
300,7,799.4850772311052,629.5249890476568,-1,-1,1,-1,-1,-1
301,7,806.6051192342287,629.4721506246692,-1,-1,1,-1,-1,-1
302,7,813.8290192010343,629.3954917718248,-1,-1,1,-1,-1,-1
303,7,821.0579524700888,629.3778179815105,-1,-1,1,-1,-1,-1
304,7,832.7312239600399,624.5692802664887,-1,-1,1,-1,-1,-1
305,7,841.5918705677798,622.8905319647953,-1,-1,1,-1,-1,-1
306,7,849.3623207842213,617.5455963969008,-1,-1,1,-1,-1,-1
307,7,856.607455046083,610.6960459789937,-1,-1,1,-1,-1,-1
308,7,863.9621274620503,608.3660101260803,-1,-1,1,-1,-1,-1
309,7,871.012391389937,602.7518914235275,-1,-1,1,-1,-1,-1
310,7,878.1091414862188,600.8058708240357,-1,-1,1,-1,-1,-1
311,7,889.8237869889044,595.2865289047837,-1,-1,1,-1,-1,-1
312,7,898.7016581929274,593.360212331286,-1,-1,1,-1,-1,-1
313,7,906.5695977140537,592.7832719293967,-1,-1,1,-1,-1,-1
314,7,913.9000243464142,592.6879965825999,-1,-1,1,-1,-1,-1
315,7,925.7059969386466,592.6708923728548,-1,-1,1,-1,-1,-1
316,7,939.264721515649,592.671088601445,-1,-1,1,-1,-1,-1
317,7,953.4273595839163,592.7891794629967,-1,-1,1,-1,-1,-1
318,7,967.7068623972797,592.7250261879927,-1,-1,1,-1,-1,-1
319,7,981.993386136095,592.6797970834886,-1,-1,1,-1,-1,-1
320,7,996.3604372723632,592.6100532373733,-1,-1,1,-1,-1,-1
321,7,1015.4410244330574,592.574570622412,-1,-1,1,-1,-1,-1
322,7,1031.6996577996547,597.5050816914887,-1,-1,1,-1,-1,-1
323,7,1051.3578969680682,599.4160261768948,-1,-1,1,-1,-1,-1
324,7,1067.7379200834855,600.1498425090379,-1,-1,1,-1,-1,-1
325,7,1087.5078914121952,600.3967099689563,-1,-1,1,-1,-1,-1
326,7,1103.7738648689897,600.6099754443161,-1,-1,1,-1,-1,-1
327,7,1123.4319432245475,600.6020487603613,-1,-1,1,-1,-1,-1
328,7,1144.4173458811802,600.5125822036458,-1,-1,1,-1,-1,-1
329,7,1161.1251235761263,600.3336218147751,-1,-1,1,-1,-1,-1
330,7,1180.9911010359779,605.1136797630297,-1,-1,1,-1,-1,-1
331,7,1197.2774406126637,606.9345583596402,-1,-1,1,-1,-1,-1
332,7,1212.2010537174117,607.6780161313383,-1,-1,1,-1,-1,-1
333,7,1231.2902231496864,607.9336081459253,-1,-1,1,-1,-1,-1
334,7,1247.3817255971394,607.8984133395239,-1,-1,1,-1,-1,-1
335,7,1266.9047931436812,607.8089983497589,-1,-1,1,-1,-1,-1
336,7,1283.0122550614008,607.5802105500748,-1,-1,1,-1,-1,-1
337,7,1302.5892357479006,612.2958791621219,-1,-1,1,-1,-1,-1
338,7,1318.7027503023417,614.1150333098237,-1,-1,1,-1,-1,-1
339,7,1333.51782037743,614.6768380184482,-1,-1,1,-1,-1,-1
340,7,1352.6036944129198,619.6131413264052,-1,-1,1,-1,-1,-1
341,7,1368.5352100583343,621.4248988047564,-1,-1,1,-1,-1,-1
342,7,1388.0747178739107,621.9603739755267,-1,-1,1,-1,-1,-1
343,7,1404.2070608755207,622.1461024020772,-1,-1,1,-1,-1,-1
344,7,1418.9944169487967,622.1111461803534,-1,-1,1,-1,-1,-1
345,7,1433.3972001930206,621.9833530617065,-1,-1,1,-1,-1,-1
346,7,1452.2255812309006,621.8883390922874,-1,-1,1,-1,-1,-1
347,7,1468.184297139088,621.861566451722,-1,-1,1,-1,-1,-1
348,7,1482.936634546258,621.805516633867,-1,-1,1,-1,-1,-1
349,7,1502.061365607919,626.5503129744068,-1,-1,1,-1,-1,-1
350,7,1517.9786993180228,628.4042830407154,-1,-1,1,-1,-1,-1
351,7,1532.7776530884937,629.0173958879687,-1,-1,1,-1,-1,-1
352,7,1551.7206796645523,629.2056270634004,-1,-1,1,-1,-1,-1
353,7,1567.6568405808391,629.327194319038,-1,-1,1,-1,-1,-1
354,7,1587.1614997087322,629.2060203710805,-1,-1,1,-1,-1,-1
355,7,1603.2156698728988,629.1127044701303,-1,-1,1,-1,-1,-1
356,7,1618.012766092349,629.0058368456484,-1,-1,1,-1,-1,-1
357,7,1637.108186184299,628.8564388138973,-1,-1,1,-1,-1,-1
358,7,1652.964330845167,628.900073872975,-1,-1,1,-1,-1,-1
359,7,1672.4400159030902,633.7338057812566,-1,-1,1,-1,-1,-1
360,7,1693.2140949970756,635.5125836317811,-1,-1,1,-1,-1,-1
