31,1,656.6141497115306,693.0875526044106,-1,-1,1,-1,-1,-1
32,1,699.2755958762275,678.9315773328857,-1,-1,1,-1,-1,-1
38,1,1034.3508984483674,642.9341779487839,-1,-1,1,-1,-1,-1
39,1,1094.2764177743418,649.8656251694407,-1,-1,1,-1,-1,-1
40,1,1147.5326081577634,657.4325066634175,-1,-1,1,-1,-1,-1
41,1,1198.5413345081508,669.9806206764986,-1,-1,1,-1,-1,-1
42,1,1248.5475724873086,684.1821055302398,-1,-1,1,-1,-1,-1
43,1,1307.9236777618178,698.7862820182487,-1,-1,1,-1,-1,-1
51,2,919.4395025282676,594.5827205956513,-1,-1,1,-1,-1,-1
52,2,998.0878142580855,607.223650908182,-1,-1,1,-1,-1,-1
53,2,1092.1810398831572,636.7935930401364,-1,-1,1,-1,-1,-1
54,2,1185.587936824236,671.1394791693658,-1,-1,1,-1,-1,-1
54,3,513.5540698664377,455.9271381371059,-1,-1,1,-1,-1,-1
55,2,1263.788844177879,707.4275273872166,-1,-1,1,-1,-1,-1
55,3,575.0050844241141,491.68455469482234,-1,-1,1,-1,-1,-1
56,2,1336.948648012911,729.3674611816489,-1,-1,1,-1,-1,-1
57,2,1408.7624689777774,750.6198017163917,-1,-1,1,-1,-1,-1
58,2,1484.5381521601491,747.9393674976836,-1,-1,1,-1,-1,-1
59,2,1556.9469301513543,741.3039131692404,-1,-1,1,-1,-1,-1
59,3,806.1683700121263,560.8081327031998,-1,-1,1,-1,-1,-1
60,2,1609.413367492768,743.1473986114704,-1,-1,1,-1,-1,-1
60,3,855.2395837012488,566.0285289975104,-1,-1,1,-1,-1,-1
61,3,914.1425735398269,576.4670811852018,-1,-1,1,-1,-1,-1
62,3,971.5622977488692,579.6268278823856,-1,-1,1,-1,-1,-1
63,3,995.1045034196652,589.6742638075972,-1,-1,1,-1,-1,-1
73,4,1897.9994653804824,609.2830482307969,-1,-1,1,-1,-1,-1
83,5,1334.9462812606325,693.6612472391595,-1,-1,1,-1,-1,-1
84,5,1430.0289643826557,672.8382123647825,-1,-1,1,-1,-1,-1
85,5,1533.8057891375718,655.8479681205991,-1,-1,1,-1,-1,-1
122,6,504.3372596711188,558.1047927225846,-1,-1,1,-1,-1,-1
123,6,556.7936896177739,554.2421288366451,-1,-1,1,-1,-1,-1
124,6,617.8324779605883,558.055987344047,-1,-1,1,-1,-1,-1
125,6,666.3902812786469,558.939203367914,-1,-1,1,-1,-1,-1
126,6,710.5490498408159,559.1286230097954,-1,-1,1,-1,-1,-1
127,6,758.090591160961,568.8950883471884,-1,-1,1,-1,-1,-1
128,6,792.6464482814395,577.0171714747635,-1,-1,1,-1,-1,-1
129,6,832.1173979228339,584.7816107067722,-1,-1,1,-1,-1,-1
130,6,877.9258921358612,596.9330773290569,-1,-1,1,-1,-1,-1
131,6,926.3049824437577,601.1564860957252,-1,-1,1,-1,-1,-1
132,6,970.8688977631102,612.0100182539977,-1,-1,1,-1,-1,-1
133,6,1032.9306212193283,634.7257457716656,-1,-1,1,-1,-1,-1
134,6,1110.894124257168,657.1083698996244,-1,-1,1,-1,-1,-1
135,6,1190.2560416015706,669.8534310630228,-1,-1,1,-1,-1,-1
136,6,1264.9415683322177,637.1954148377097,-1,-1,1,-1,-1,-1
137,6,1347.2835457275492,671.051081182411,-1,-1,1,-1,-1,-1
138,6,1427.5919168366509,664.9400147443563,-1,-1,1,-1,-1,-1
168,7,152.8609261430907,615.5338731567109,-1,-1,1,-1,-1,-1
169,7,190.01435840595997,634.8866448994643,-1,-1,1,-1,-1,-1
170,7,210.1428149652811,655.9182189024314,-1,-1,1,-1,-1,-1
171,7,230.25888291662605,672.2237769411367,-1,-1,1,-1,-1,-1
172,7,240.73514619698946,687.1222780187667,-1,-1,1,-1,-1,-1
173,7,257.81671775810355,696.456953288203,-1,-1,1,-1,-1,-1
174,7,277.26475378179975,713.4496116284964,-1,-1,1,-1,-1,-1
175,7,302.44102333868835,723.744447046345,-1,-1,1,-1,-1,-1
176,7,334.57167603705824,731.7131715273009,-1,-1,1,-1,-1,-1
177,7,364.450560649492,743.6268058758806,-1,-1,1,-1,-1,-1
178,7,402.8805678676798,747.599555459288,-1,-1,1,-1,-1,-1
179,7,439.87026013373503,753.2860221373925,-1,-1,1,-1,-1,-1
180,7,480.9634268381981,754.9571495472719,-1,-1,1,-1,-1,-1
181,7,528.1084393914358,745.6720866723705,-1,-1,1,-1,-1,-1
182,7,577.7180811201977,737.0193613126743,-1,-1,1,-1,-1,-1
183,7,618.474486335409,733.5948787757395,-1,-1,1,-1,-1,-1
184,7,670.2888890273631,713.2231442081182,-1,-1,1,-1,-1,-1
185,7,721.151348527117,696.0303375209379,-1,-1,1,-1,-1,-1
186,7,767.1284284292065,684.860167229657,-1,-1,1,-1,-1,-1
187,7,816.0169412134046,680.5200818066982,-1,-1,1,-1,-1,-1
188,7,865.7898223612666,674.2325799482678,-1,-1,1,-1,-1,-1
189,7,915.8884985776469,667.1902668276814,-1,-1,1,-1,-1,-1
190,7,965.8581375179916,660.0204891674575,-1,-1,1,-1,-1,-1
191,7,1020.5385892035462,652.6348131926925,-1,-1,1,-1,-1,-1
192,7,1072.4319489238296,645.2404606651434,-1,-1,1,-1,-1,-1
193,7,1127.8722747173738,638.0328535181193,-1,-1,1,-1,-1,-1
194,7,1184.5457670922808,630.6712884383408,-1,-1,1,-1,-1,-1
195,7,1241.762017114358,623.3908944861208,-1,-1,1,-1,-1,-1
196,7,1299.2519512770846,616.1379313476463,-1,-1,1,-1,-1,-1
197,7,1356.3785255768964,613.5473387114369,-1,-1,1,-1,-1,-1
198,7,1413.6875643650794,612.6530180558275,-1,-1,1,-1,-1,-1
199,7,1470.9039366032937,612.4360148668804,-1,-1,1,-1,-1,-1
200,7,1532.7734723329077,612.5987591830877,-1,-1,1,-1,-1,-1
201,7,1591.7203168204915,612.6218759091282,-1,-1,1,-1,-1,-1
202,7,1654.0715079476709,612.9467622598685,-1,-1,1,-1,-1,-1
203,7,1718.0229072406555,608.4854648100741,-1,-1,1,-1,-1,-1
204,7,1782.4266854353566,602.2214796387326,-1,-1,1,-1,-1,-1
205,7,1851.5359958011984,595.3815733283392,-1,-1,1,-1,-1,-1
228,8,621.9245297800617,627.4773694969915,-1,-1,1,-1,-1,-1
229,8,668.6258011704315,628.7299315275201,-1,-1,1,-1,-1,-1
230,8,712.8900023931877,634.3086455483938,-1,-1,1,-1,-1,-1
231,8,751.1244391810179,641.1873676483299,-1,-1,1,-1,-1,-1
232,8,787.4381883951972,648.4742689752509,-1,-1,1,-1,-1,-1
233,8,818.1980564979366,650.847701815235,-1,-1,1,-1,-1,-1
234,8,856.5769579992042,651.5212936312594,-1,-1,1,-1,-1,-1
235,8,902.6264602325213,651.5899976701876,-1,-1,1,-1,-1,-1
236,8,951.5281857398794,651.5938286118216,-1,-1,1,-1,-1,-1
237,8,1001.3120928949303,651.4179398303559,-1,-1,1,-1,-1,-1
238,8,1056.0468366726557,651.3561116090797,-1,-1,1,-1,-1,-1
239,8,1112.6553409034993,651.2702821408215,-1,-1,1,-1,-1,-1
240,8,1165.305444045855,651.1387769533488,-1,-1,1,-1,-1,-1
